1 2 3 4 5 6 7 8 9 0 1
2 3 4 5 6 7 8 9 0 1 2
3 4 5 6 7 8 9 0 1 2 3
4 5 6 7 8 9 0 1 2 3 4
5 6 7 8 9 0 1 2 3 4 5
6 7 8 9 0 1 2 3 4 5 6
7 8 9 0 1 2 3 4 5 6 7
8 9 0 1 2 3 4 5 6 7 8
9 0 1 2 3 4 5 6 7 8 9
0 1 2 3 4 5 6 7 8 9 0



Rosario, 22 de Diciembre de 1976
El 18 de enero de 1738 a las 4 de la tarde
TPL2012 - MP3 - PHP5
d = 1.050 g/cm³ O² N¹ @ 15°C (read "at" for @), density of a gas d = 0,150 g/L @ 20°C, 1 bar, or noise of a car
18:32–20:18
06:12–11:07
12 Crescent Lane #5, Boston MA 02115
7 Garden Walk, Cambridge CB4 3EW UK
(§§ 13–21) ¶ Then, all standing.
$32 | 23¢ | £42 | ¥6200 | €59
42°21′29″N 71°03′49″W / 42.35806°N 71.06361°W / 42.35806; -71.06361
The density* of saltwater¹ may read; d² = 1.050 g/cm³ @ 15°C / 26°F
Type 1900–2000 (London, 1967) p.45.
1812† | 1824‡ | 45§23 | ¶67 | ·3,567 | •1,678
Nov 22, 1645 | 10.23.77 | 12/10/88 | 10-6-01
1½ 1¼ 1¾
primo" 1º "prima" 1ª, "secondo" 2º "seconda" 2ª, "terzo" 3º "terza" 3ª 1.º
^ | ¦ 0/0\0
0+0 1−2 3±4 5×6 7÷8 6 < 8 8 > 5 5≤x 9≥y 2=2 2≠3 2≈2.1 x = 5 ± √4 62% 324‰ f
f(x,y) := x2y, then ∂f/∂x = 2xy Δx ∫ f(x) dx μ(n) = 1 1/Ω(E) 1+∞ ∏ ∑



HH1HH2HH3HH4HH5HH6HH7HH8HH9HH0HH
OO1OO2OO3OO4OO5OO6OO7OO8OO9OO0OO

nn1nn2nn3nn4nn5nn6nn7nn8nn9nn0nn
oo1oo2oo3oo4oo5oo6oo7oo8oo9oo0oo



010203040506070809000
111213141516171819101
212223242526272829202
313233343536373839303
414243444546474849404
515253545556575859505
616263646566676869606
717273747576777879707
818283848586878889808
919293949596979899909



000 010 020 030 040 050 060 070 080 090
101 101 121 131 141 151 161 171 181 191
202 212 222 232 242 252 262 272 282 292
303 313 323 333 343 353 363 373 383 393
404 414 424 434 444 454 464 474 484 494
505 515 525 535 545 555 565 575 585 595
606 616 626 636 646 656 666 676 686 696
707 717 727 737 747 757 767 777 787 797
808 818 828 838 848 858 868 878 888 898
909 919 929 939 949 959 969 979 989 999
000 010 020 030 040 050 060 070 080 090
101 101 121 131 141 151 161 171 181 191
202 212 222 232 242 252 262 272 282 292
303 313 323 333 343 353 363 373 383 393
404 414 424 434 444 454 464 474 484 494
505 515 525 535 545 555 565 575 585 595
606 616 626 636 646 656 666 676 686 696
707 717 727 737 747 757 767 777 787 797
808 818 828 838 848 858 868 878 888 898
909 919 929 939 949 959 969 979 989 999

0.00 0.10 0.20 0.30 0.40 0.50 0.60 0.70 0.80 0.90
1.01 1.01 1.21 1.31 1.41 1.51 1.61 1.71 1.81 1.91
2.02 2.12 2.22 2.32 2.42 2.52 2.62 2.72 2.82 2.92
3.03 3.13 3.23 3.33 3.43 3.53 3.63 3.73 3.83 3.93
4.04 4.14 4.24 4.34 4.44 4.54 4.64 4.74 4.84 4.94
5.05 5.15 5.25 5.35 5.45 5.55 5.65 5.75 5.85 5.95
6.06 6.16 6.26 6.36 6.46 6.56 6.66 6.76 6.86 6.96
7.07 7.17 7.27 7.37 7.47 7.57 7.67 7.77 7.87 7.97
8.08 8.18 8.28 8.38 8.48 8.58 8.68 8.78 8.88 8.98
9.09 9.19 9.29 9.39 9.49 9.59 9.69 9.79 9.89 9.99
0.00 0.10 0.20 0.30 0.40 0.50 0.60 0.70 0.80 0.90

0,00 0,10 0,20 0,30 0,40 0,50 0,60 0,70 0,80 0,90
1,01 1,01 1,21 1,31 1,41 1,51 1,61 1,71 1,81 1,91
2,02 2,12 2,22 2,32 2,42 2,52 2,62 2,72 2,82 2,92
3,03 3,13 3,23 3,33 3,43 3,53 3,63 3,73 3,83 3,93
4,04 4,14 4,24 4,34 4,44 4,54 4,64 4,74 4,84 4,94
5,05 5,15 5,25 5,35 5,45 5,55 5,65 5,75 5,85 5,95
6,06 6,16 6,26 6,36 6,46 6,56 6,66 6,76 6,86 6,96
7,07 7,17 7,27 7,37 7,47 7,57 7,67 7,77 7,87 7,97
8,08 8,18 8,28 8,38 8,48 8,58 8,68 8,78 8,88 8,98
9,09 9,19 9,29 9,39 9,49 9,59 9,69 9,79 9,89 9,99
0,00 0,10 0,20 0,30 0,40 0,50 0,60 0,70 0,80 0,90

0:00 0:10 0:20 0:30 0:40 0:50 0:60 0:70 0:80 0:90
1:01 1:01 1:21 1:31 1:41 1:51 1:61 1:71 1:81 1:91
2:02 2:12 2:22 2:32 2:42 2:52 2:62 2:72 2:82 2:92
3:03 3:13 3:23 3:33 3:43 3:53 3:63 3:73 3:83 3:93
4:04 4:14 4:24 4:34 4:44 4:54 4:64 4:74 4:84 4:94
5:05 5:15 5:25 5:35 5:45 5:55 5:65 5:75 5:85 5:95
6:06 6:16 6:26 6:36 6:46 6:56 6:66 6:76 6:86 6:96
7:07 7:17 7:27 7:37 7:47 7:57 7:67 7:77 7:87 7:97
8:08 8:18 8:28 8:38 8:48 8:58 8:68 8:78 8:88 8:98
9:09 9:19 9:29 9:39 9:49 9:59 9:69 9:79 9:89 9:99
0:00 0:10 0:20 0:30 0:40 0:50 0:60 0:70 0:80 0:90
